N.B. sense_ids: (last in CSV: 6390)
Deleted: 877, 893, 991, 996, 1047, 1084, 1103, 1363, 1486, 1488-9, 
    1640, 1649, 1652, 1686, 1697, 1785, 1805, 1836, 1853-4, 1868, 1896-7, 
    1947, 1985, 1988, 2000, 2007, 2025, 2030, 2062, 2100, 2121, 2180, 2183, 
    2253, 2285, 2288, 2312, 2403, 2433, 2438, 2469, 2492, 2503, 2546, 2589, 
    2760, 2769, 2772, 2782, 2842, 2873, 2889, 2943, 2989, 2998, 
    3004, 3008, 3045, 3050, 3105, 3112, 3119, 3129, 3141, 3154, 3175, 3200, 3216, 3217, 3241, 3243, 3254, 3283, 3284, 
    3304, 3306, 3307, 3319, 3337, 3347, 3350, 3352, 3354, 3356, 3358, 
    3360, 3403, 3409, 3414, 3416, 3420, 3422, 3424, 3436, 3447, 
    3504, 3515, 3520, 3521, 3529, 3558, 3662, 3668, 3694, 3695, 3698, 
    3718, 3760, 3775, 3784, 3793, 3795, 3821, 3828, 
    3854, 3872, 3876, 3878, 3884, 
    3913, 3924, 3928, 3930, 3947, 3991-3993, 3977
    4003, 4006, 4007, 4009, 4040, 4042, 4047, 4105, 4134, 4143, 4163, 4177, 4189, 
    4234, 4250, 4256, 4257, 4271, 4324, 4327, 4354, 4356, 4358, 4361-4371,
    4462, 4492-3, 4498, 4525, 4527, 4529, 4609, 4612, 4706, 4708, 4724, 4736, 4770, 4774, 4943,
    5031, 5101, 5155, 5164, 5176, 5378, 5380, 
    5409, 5416, 5420, 5429, 5445, 5451, 5453, 5558, 5583, 5597, 5658, 5709, 5711, 5714, 5717, 5722, 5737, 5746, 5755, 5782, 5784, 
    5811, 5817, 5839, 5840, 5861, 5874, 5910, 5931, 5966, 5967, 5969-5970, 5972, 5980, 
    6000, 6008, 6010, 6012, 6014-6020, 6023, 6043, 6052, 6063, 6065, 6068, 6073, 6075, 6078, 
    6141, 6187-8, 6190, 6207, 6209, 6219, 6281, 6287, 6291-2, 6296, 6298, 6301, 6333, 6335, 6337-8, 6351, 6356, 

Reinserted: 12, 93, 200, 387, 428, 435, 444, 473, 490, 512, 525, 535, 564, 559,
    665, 672, 674, 713, 728, 756, 787, 827, 862, 863, 866, 870, 877, 882, 883, 1456,
    1874, 2701, 2828, 2829, 2837, 2922, 2970, 2981, 2983, 3015, 3024, 3027, 3084, 3085,
    3091, 3103, 3837, 3863, 3865, 3867, 3869, 4204, 4215, 4229, 4480, 4481, 6081-2,
Added: 6391

Deleted lemma_id 22961, 27698, 30249
Reinserted: 1347, 7191, 
